1,1.60778090668e-13
1,2.6282076332e-11
1,7.64722945758e-11
1,5.4729084802e-11
1,5.87174645617e-11
1,1.63771522694e-10
1,1.83131277632e-11
1,2.63763267927e-11
1,1.56587184703e-10
1,2.95731527768e-10
1,1.08056403526e-09
1,2.01469632389e-10
1,2.94443642452e-10
1,1.56338718478e-10
1,6.18599706534e-10
1,1.18976501557e-09
1,5.07422094009e-10
1,8.43474240438e-10
1,5.01126480578e-10
1,9.66233068512e-10
1,2.59461573129e-09
1,3.22562797546e-10
1,4.16022400836e-09
1,5.15638466872e-09
1,3.87705449784e-09
1,3.4097237572e-09
1,2.02323240939e-09
1,1.31222772678e-08
1,4.11055836014e-09
1,1.06285247798e-08
1,5.56939813454e-10
1,1.78109040415e-09
1,2.7140457418e-09
1,4.50925923726e-09
1,2.96628082671e-09
1,6.6726563375e-09
1,1.4121729679e-08
1,9.93682515741e-09
1,1.13309824687e-08
1,6.68351619184e-09
1,2.82575378593e-08
1,1.2724998538e-08
1,4.04905574336e-09
1,9.63207168691e-09
1,1.55177058207e-08
1,2.31356838361e-08
1,1.59838686965e-08
1,9.46976566135e-09
1,6.3810971645e-09
1,1.87772944105e-08
1,1.66169814192e-08
1,7.31280689686e-09
1,1.69145000704e-08
1,1.56866404096e-08
1,1.10962619184e-09
1,1.50577514784e-08
1,1.78202226259e-09
1,3.71076608023e-08
1,2.43650753885e-08
1,1.73732935742e-09
1,3.2747447205e-08
1,2.95733918651e-09
1,1.1029378798e-08
1,2.03443577689e-08
1,3.36780296081e-08
1,4.112841619e-08
1,3.3378754633e-08
1,5.44970059644e-09
1,4.2692359463e-08
1,4.08295050581e-08
1,5.04409939508e-08
1,7.60024300693e-09
1,5.44281485449e-09
1,4.82801670012e-08
1,4.45548168117e-08
1,1.69157227638e-08
1,9.46828771847e-09
1,9.17369867548e-09
1,1.10319559462e-08
1,3.15168112601e-08
1,2.62265787844e-08
1,2.99518896179e-08
1,1.50509252698e-08
1,1.66152771246e-08
1,6.69063041008e-08
1,2.6226585597e-08
1,6.6906143304e-08
1,3.58581303693e-09
1,6.34793206782e-08
1,6.72045603284e-08
1,2.25016789056e-08
1,1.47527622222e-08
1,4.48531376054e-08
1,2.59291949942e-08
1,7.6015170441e-09
1,3.74023598829e-08
1,2.96543176799e-08
1,2.59293734183e-08
1,5.23037248189e-08
1,7.60171247754e-09
1,1.84779066538e-08
1,3.57890669979e-09
1,8.21057049553e-08
1,3.57750973078e-09
2,3.87701908106e-09
1,2.96566860734e-08
1,2.62275406666e-08
1,7.83807083074e-08
1,4.85799921007e-08
1,4.08295311606e-08
1,6.31810126535e-08
1,7.43568463361e-08
1,5.20076743565e-08
1,5.23065413855e-08
1,4.48621131564e-08
1,6.72053119498e-08
1,1.50560502381e-08
1,3.91180225815e-09
1,7.32185697142e-09
1,1.13356722933e-08
1,1.1036417508e-08
1,3.6198063948e-09
1,6.69078925521e-08
1,1.10640212846e-08
1,6.34806109793e-08
2,7.06320879634e-08
2,8.55328439264e-08
1,5.5737359066e-08
1,4.11304188206e-08
2,1.84783831803e-08
1,7.06318433913e-08
2,3.87740928745e-09
2,1.13296416407e-08
1,9.32891901332e-08
1,2.62397748989e-08
1,1.85261895801e-08
1,3.89718862481e-09
2,1.30236564005e-07
1,5.57334422378e-08
3,1.22785923655e-07
1,2.62547146949e-08
2,1.3023671466e-07
1,1.84793935943e-08
1,2.59286884405e-08
1,7.83851482931e-08
1,7.80886629382e-08
1,6.31910209683e-08
1,2.62379309999e-08
1,4.11532266028e-08
1,4.85954052236e-08
2,4.85825152939e-08
1,9.32923516389e-08
1,3.34016264629e-08
1,5.60380976944e-08
2,1.87856969871e-08
2,6.31823838533e-08
1,4.08487114944e-08
1,6.35009698711e-08
2,9.32848643589e-08
2,3.96996560662e-09
1,5.60733971674e-08
1,5.5731374921e-08
2,3.60608820805e-09
2,6.34794498514e-08
2,4.86052326732e-08
1,6.32351603887e-08
2,2.59442000917e-08
2,2.59322104368e-08
1,3.63780563696e-09
1,7.83987368473e-08
2,4.82953003707e-08
1,7.06388587957e-08
1,1.85998094086e-08
1,9.29861736666e-08
2,4.08345811244e-08
1,9.29904949732e-08
2,4.85977055572e-08
1,1.13389416828e-08
1,8.58326878767e-08
2,1.14390759885e-08
1,1.85336198642e-08
3,2.71797615778e-07
3,2.79547313593e-07
3,2.71797464133e-07
2,4.11729051977e-08
1,4.16178463207e-09
2,4.82821219305e-08
3,9.29866363149e-08
2,2.79546859776e-07
2,4.83272625626e-08
1,1.15228169424e-08
2,6.31816708093e-08
1,7.80839950894e-08
1,5.60373746367e-08
1,1.85372835635e-08
2,1.85497574176e-08
1,3.35196516555e-08
2,8.59029061848e-08
1,5.60613273473e-08
2,9.30142683534e-08
1,4.11335897425e-08
1,4.56279606002e-09
2,8.58326232296e-08
3,6.32254125482e-08
1,1.85479524025e-08
2,1.86291830804e-08
1,7.1132440373e-08
2,3.34472936985e-08
2,7.09350578492e-08
2,1.22808395465e-07
2,1.84957061896e-08
2,4.11453270148e-08
3,1.37706768774e-07
1,7.80886171374e-08
1,9.29949332805e-08
4,1.30538555859e-07
1,1.21845796789e-08
2,1.60341915406e-07
2,1.37696447627e-07
2,5.60783448034e-08
1,1.19366097351e-08
4,8.58416340179e-08
1,8.6157863667e-08
1,1.16784431635e-08
1,7.10232135347e-08
2,1.37888848577e-07
2,8.60129126422e-08
2,6.31945166808e-08
3,2.64657020375e-07
1,2.63043537102e-08
1,4.87855910049e-08
1,8.59615430605e-08
2,2.49752471561e-07
3,1.01403557257e-07
3,1.37707671621e-07
1,1.04634313118e-08
1,5.62114027872e-08
1,5.92999737041e-09
2,1.60452949453e-07
2,3.37040639944e-08
2,1.21125321862e-08
1,4.86092929616e-08
2,1.86279381729e-08
4,1.07967283379e-07
2,9.30000756691e-08
2,7.8122838508e-08
1,7.16066928319e-08
2,4.82916665196e-08
2,4.90770325838e-09
1,4.48245208272e-08
2,2.79593599771e-07
2,8.63907648316e-08
2,5.60391425873e-08
3,1.07896110085e-07
2,4.3076031866e-09
2,4.69622596614e-09
3,1.0075503962e-07
2,7.8197021097e-08
1,4.13437566517e-08
2,4.15241775654e-08
2,3.68798978087e-09
2,3.38483104062e-08
4,1.1565067131e-07
1,6.42542427663e-08
2,3.34144780392e-08
2,3.3736887981e-08
2,6.32191781722e-08
2,3.77919255174e-09
2,8.71189991765e-08
2,9.30296896172e-08
4,1.15638670208e-07
1,9.29877240028e-08
3,2.6466081432e-07
2,4.22702266811e-09
2,4.80618838406e-07
1,4.18231103586e-08
4,2.71823308455e-07
3,3.01625603053e-07
3,2.94542552431e-07
2,3.5411761181e-07
2,3.24286255816e-07
1,6.4018137402e-08
4,5.40038681089e-07
1,3.38917196508e-08
3,2.71838811323e-07
2,3.54074972537e-07
1,3.34346208953e-08
2,5.70016001863e-07
3,3.24274432748e-07
4,3.54057122113e-07
3,3.01601130803e-07
3,1.82390715841e-07
3,2.42011267703e-07
3,3.54758175154e-07
3,2.71818259107e-07
5,2.9445285322e-07
2,2.42002296558e-07
3,3.02497365638e-07
2,3.34982107204e-08
2,1.83994607908e-07
2,5.62890854325e-07
3,2.64661222952e-07
2,3.3143486666e-07
3,3.01605509678e-07
2,5.77486179296e-08
3,1.15710371857e-07
1,5.64289152342e-08
4,3.31407299428e-07
3,5.40020680165e-07
4,2.64646255886e-07
1,6.32972264895e-08
2,2.42024000298e-07
3,5.69833718773e-07
3,5.62677244345e-07
2,9.26354481785e-09
2,2.94453499383e-07
2,3.01651875455e-07
4,3.01691823479e-07
1,1.18409257369e-08
2,9.32831619724e-08
1,6.58809877944e-08
1,5.18458432791e-09
4,2.42060268218e-07
4,2.4211037212e-07
3,3.54057051202e-07
3,3.01882841062e-07
2,3.01968560889e-07
2,3.54052920184e-07
1,3.69969891946e-08
4,2.65064376589e-07
1,7.49090169216e-08
1,8.30645523447e-09
3,5.10271052262e-07
3,5.69869744006e-07
2,3.24271126645e-07
6,1.16594943053e-07
2,3.24277244178e-07
2,2.63220786668e-08
2,2.42577208463e-07
2,2.94503492516e-07
2,3.31544745036e-07
3,5.329840338e-07
2,1.52694995514e-07
5,2.6507401891e-07
1,6.49162662173e-08
1,3.59717864355e-08
3,3.01652654844e-07
3,2.71957203658e-07
4,3.01812467293e-07
4,2.71900351757e-07
1,4.71157740499e-08
2,5.76062116588e-08
4,2.64706071699e-07
3,2.71957475211e-07
3,3.02067209887e-07
3,2.64674070315e-07
3,1.23695743685e-07
2,6.53810329464e-08
2,3.8328636107e-08
4,3.3192756501e-07
3,3.31826128434e-07
3,2.66536819621e-07
1,6.59776808459e-08
2,5.71721155548e-07
1,5.79933812983e-08
2,2.45229609854e-08
5,2.4202472396e-07
5,2.42177103707e-07
1,8.31722068662e-09
3,2.64750129005e-07
2,3.01882440463e-07
2,2.05355205607e-07
6,1.15774220701e-07
1,3.5854753477e-08
2,6.26388054967e-08
1,6.64491119071e-08
3,2.94448154067e-07
2,3.02179277825e-07
3,3.54073229037e-07
5,3.01613444834e-07
2,3.4261188182e-08
1,9.61070797664e-08
5,1.15788196292e-07
3,1.83348376808e-07
3,3.01601286058e-07
4,2.42579387014e-07
3,2.4206095257e-07
2,9.30629705971e-08
2,2.65147625294e-08
2,9.32845852883e-08
3,2.65067131285e-07
2,2.35585038879e-07
3,2.05181926374e-07
5,1.45649150859e-07
4,2.3496566992e-07
2,9.42136945818e-08
4,1.2368654023e-07
2,9.32990150691e-08
2,3.74451644526e-08
2,5.65337573105e-08
4,2.37783402552e-07
2,1.78420945486e-07
4,1.82441518817e-07
5,1.17162052743e-07
4,2.36288377992e-07
2,4.73539253418e-08
4,1.1617838664e-07
2,7.54923725579e-08
2,9.32909084384e-08
4,1.76665069585e-07
2,9.41726909273e-08
2,8.61609042868e-08
1,7.3364883892e-08
2,1.20402663655e-07
4,1.1942450302e-07
4,1.75600274495e-07
2,5.71349148703e-08
4,2.31734359186e-07
1,9.76649831577e-08
1,4.55766030134e-08
1,8.78579751212e-08
2,3.01684855643e-08
2,5.90523580137e-08
2,4.25705695478e-08
3,7.33605663405e-08
2,2.63398850373e-08
2,9.41719822593e-08
4,1.20406709044e-07
2,2.65471080483e-08
1,5.23457261022e-08
1,6.53468413155e-08
5,1.14672875793e-07
2,3.66129881137e-08
2,1.2728309764e-07
2,9.85709931348e-08
2,6.32932075258e-08
1,5.6032867406e-08
2,8.78624036634e-08
2,3.82544056331e-08
3,1.53321694953e-07
4,1.46643194721e-07
2,3.82375393223e-08
3,2.13027926596e-07
3,2.05216577629e-07
1,5.83866485258e-08
2,4.47826103209e-08
2,2.85515891121e-08
4,1.54808815101e-07
1,9.51154244892e-08
2,3.65939935194e-08
2,1.02427374123e-07
1,6.51092507802e-08
2,5.00470348571e-08
4,1.54807055413e-07
3,9.32858310265e-08
2,9.85862012577e-08
4,1.46636954994e-07
2,9.2167639288e-08
2,3.97079728644e-08
2,9.41844286047e-08
2,3.45916291943e-08
2,3.34118140802e-08
2,9.48366151942e-08
2,1.50151470597e-07
1,4.26454980196e-08
2,5.2863328943e-08
2,9.76608987737e-08
2,9.32996324178e-08
4,1.46208367029e-07
2,8.97181429523e-08
1,3.97444764217e-08
4,2.12325566112e-07
3,4.43851289222e-07
1,7.16014079672e-08
10,1.4562681272e-07
3,1.51634751294e-06
3,5.62717889357e-07
1,7.16125752009e-08
5,6.81887694384e-07
2,6.82040321405e-07
4,5.63901272269e-07
3,1.5708329014e-07
2,6.29603381415e-07
1,4.56569062686e-08
3,5.70258775943e-07
4,6.81878518063e-07
3,6.30131217294e-07
1,9.36067977648e-08
2,6.90479547915e-07
4,2.1271675822e-07
3,6.91603020601e-07
3,2.13370505033e-07
2,1.36656992997e-07
1,3.45031633296e-08
4,5.04443119072e-07
4,9.87503486907e-07
2,1.83426400008e-07
4,5.1368705551e-07
3,5.11086598981e-07
2,5.6390160381e-07
4,5.04441783651e-07
4,6.81919114096e-07
3,5.70265587061e-07
2,6.89811130725e-07
4,6.32241587909e-07
4,6.81877432763e-07
2,3.88465998344e-07
3,1.03953256789e-06
2,6.89030480256e-07
3,4.56729258262e-07
4,1.00186274379e-07
4,1.00485658065e-07
3,2.06258208369e-07
4,6.82896304733e-07
2,3.28423477872e-07
3,3.02446981692e-08
2,2.18514351126e-07
2,1.00173543746e-07
4,2.05594331237e-07
3,9.67842729116e-08
4,5.03562215088e-07
2,5.11090695466e-07
3,1.88464951681e-07
3,5.7103850225e-07
2,2.65086231445e-07
1,4.02461829423e-08
4,1.54233671778e-07
2,6.3013113767e-07
1,3.02364961679e-08
3,6.92285498069e-07
3,1.03993250281e-06
3,1.46205845824e-07
3,1.03953211283e-06
2,6.81919149652e-07
2,6.30537465625e-07
3,6.22996546446e-07
2,2.78265667628e-07
2,5.75685594478e-07
2,1.00450951824e-07
3,6.82040734573e-07
2,1.53321287172e-07
2,3.43019401696e-08
3,3.95534846621e-07
2,5.63460548968e-07
5,1.46902216677e-07
4,5.6581832488e-07
5,5.13769310694e-07
4,1.57073980222e-07
4,6.29821922025e-07
2,5.03561714037e-07
3,2.15449583879e-07
2,5.6983005525e-07
5,5.62867973034e-07
4,5.70018067628e-07
1,9.42101964902e-08
3,6.89673943674e-07
1,6.19746277838e-08
4,5.04444277129e-07
3,4.48504851913e-07
3,3.256218433e-07
2,1.39731412345e-06
2,2.64050912067e-08
3,2.12339659011e-07
4,6.22320146004e-07
2,6.24458149847e-07
2,2.42259989983e-07
3,5.12174445075e-07
4,1.10456489982e-07
2,9.80354407816e-07
3,1.19185107318e-07
2,5.03120527178e-07
3,1.04017377631e-06
3,6.81879690432e-07
3,5.15627366368e-07
2,9.30276592569e-08
3,2.05590752473e-07
2,6.84486353641e-07
1,7.49537370792e-08
3,5.69871127331e-07
2,6.91604145446e-07
1,9.42108003e-08
3,1.55485179513e-07
2,6.93046699457e-07
2,9.2986685206e-08
3,5.11086980734e-07
4,1.48472498982e-07
2,6.51928092003e-08
3,5.69869629219e-07
3,3.91651125094e-07
2,4.57326514739e-07
2,9.87503641986e-07
2,8.61605550615e-08
4,2.0519057062e-07
3,6.23876411767e-07
3,1.09951627246e-06
3,5.03285575037e-07
3,1.60161905872e-07
2,5.63460385487e-07
2,9.8171287015e-07
2,1.10163356009e-06
3,2.08408620783e-07
3,5.62870294452e-07
4,6.92288260358e-07
5,2.18190765286e-07
3,5.62723450793e-07
5,1.00194905341e-07
2,3.38125247851e-07
3,5.11098471014e-07
3,1.57106203019e-07
4,5.0328476438e-07
3,1.53347371331e-07
2,3.42599954812e-08
2,6.29822546006e-07
2,6.81919976639e-07
4,1.045070039e-07
5,1.53314658245e-07
5,6.22273643159e-07
4,1.00468638473e-07
2,5.70022749245e-07
3,1.03950700312e-06
3,1.0992115748e-06
2,5.63458239706e-07
4,2.13532265215e-07
3,1.16738976971e-06
2,1.03961321649e-06
3,1.03993572691e-06
3,5.1108977851e-07
4,1.46206486087e-07
4,2.12717541983e-07
3,1.52159325621e-07
2,6.83342142938e-07
4,1.10636485989e-06
4,6.30131258188e-07
2,6.83545196362e-08
4,5.62870590553e-07
3,6.00097486284e-07
2,7.39395682589e-07
3,5.11087977765e-07
4,6.25122294933e-07
3,1.16824557363e-06
4,6.29605953602e-07
3,1.17243232226e-06
3,1.36658390208e-07
2,5.10952892808e-07
2,7.59384379729e-07
5,5.03946895878e-07
3,3.18294887328e-07
3,5.69827662453e-07
3,5.64442456191e-07
3,1.52603037711e-07
4,5.20769993199e-07
2,9.7651406032e-08
3,1.4847255425e-07
4,2.09863138894e-07
5,2.12720306566e-07
3,2.23706441405e-07
2,9.76437594241e-08
4,3.31628067671e-07
2,6.51385338146e-08
4,2.1329406833e-07
5,2.30053484738e-07
3,2.55915831824e-07
1,3.01977071477e-08
4,2.83068824185e-07
2,6.83309572864e-08
4,2.2490776246e-07
3,1.10462463444e-07
1,8.590974351e-08
2,5.58376250397e-08
4,1.52160909874e-07
5,2.13532893637e-07
3,3.65826227078e-08
5,3.86674188488e-07
5,3.14462265659e-07
1,8.16753679951e-08
2,5.19342105407e-08
2,2.63662678569e-08
3,1.10455151706e-07
2,4.48623934723e-08
3,1.48463526824e-07
3,1.63197151532e-07
4,1.5901579805e-07
3,1.76880125373e-07
4,2.59298435669e-07
2,3.01661820863e-08
4,1.71966514521e-07
2,1.71970518962e-07
3,8.1657646997e-08
1,6.51623952722e-08
3,1.63410169805e-07
2,9.54441388825e-08
4,2.16857418055e-07
4,2.07216585603e-07
4,2.09857507933e-07
4,1.23981161647e-07
4,1.36493121921e-07
4,1.13676211405e-07
4,1.81848783385e-07
2,1.3820576944e-07
4,1.26355682645e-07
2,8.16485356105e-08
3,1.29006343436e-07
3,1.43641649496e-07
2,6.49161981983e-08
3,1.71964197641e-07
2,2.51023349773e-07
3,2.26390181157e-07
3,3.999123467e-07
4,2.13529059484e-07
3,1.38206231109e-07
4,2.36729234558e-07
3,5.57925622303e-08
5,3.27845328142e-07
2,3.00230230608e-08
3,3.98254039818e-07
1,1.53536895349e-08
3,2.75564486276e-07
3,2.09861575522e-07
2,3.18292341255e-07
1,4.48332927442e-08
3,8.94894675053e-08
3,1.75244892042e-07
2,9.54421800616e-08
3,1.97025578374e-07
2,3.38877116539e-07
2,4.48632430953e-08
2,6.4927385571e-08
2,7.89963035502e-08
3,2.08224495087e-07
4,3.25910693274e-07
2,9.32318737068e-08
4,2.42289368391e-07
4,1.75871576408e-07
4,2.66320673774e-07
3,2.46090168235e-07
2,8.9499946313e-08
1,4.48996638596e-08
3,2.49227973104e-07
2,3.14707041363e-07
5,3.34405779401e-07
2,2.43828429258e-07
3,3.00422220618e-07
3,2.78262658264e-07
2,2.46092514244e-07
2,5.57969353735e-08
3,2.8446350696e-07
3,3.07722680383e-07
2,5.57977838222e-08
1,1.55840439661e-08
1,9.31855204385e-08
2,1.35115868372e-07
3,3.03244690685e-07
4,4.76748724927e-07
2,3.24304375205e-07
3,3.84132020185e-07
3,3.36719469193e-07
3,3.84132080239e-07
2,6.83179276175e-08
4,1.45344621808e-07
3,3.32739291182e-07
2,5.74670942455e-07
2,1.38203190444e-07
2,3.65606469691e-08
1,9.76617885862e-08
3,5.65816322258e-07
1,8.68725437424e-08
3,1.36652396149e-07
1,8.71363509848e-08
2,6.34666968479e-08
2,5.57998790347e-08
2,3.9387073861e-07
3,1.03174410222e-07
1,4.48573092819e-08
3,3.73582638277e-07
2,3.84132890785e-07
4,2.49227411985e-07
4,3.07433402804e-07
3,1.59224904232e-07
3,5.41866105802e-07
2,3.03069133208e-07
2,3.03068353946e-07
3,2.71275515668e-07
3,5.85389618135e-07
3,5.64441324016e-07
3,3.29683242986e-07
2,5.38050212176e-07
3,1.30099823389e-07
2,2.70290540758e-07
3,3.01967587912e-07
3,7.90021725318e-08
4,2.94824921543e-07
2,7.89949269614e-08
5,3.0042276178e-07
4,4.86156895945e-07
5,2.73427284767e-07
3,2.46090089635e-07
2,4.84097031095e-07
4,2.46089819494e-07
4,2.53207354913e-07
4,3.78600865989e-07
2,5.38049849554e-07
2,5.46037440938e-07
4,1.3820286226e-07
2,1.69807244877e-07
2,3.43252163619e-07
2,3.79434268564e-07
3,1.59012623043e-07
3,2.69502446649e-07
3,3.32700628708e-07
2,3.69098580664e-07
3,6.00451870191e-07
4,3.61806634176e-07
3,3.14024750985e-07
2,9.08719526179e-08
4,1.13659456381e-07
2,2.53205785558e-07
1,3.97123154632e-08
2,2.75449876631e-07
4,1.30100202836e-07
3,2.71798144118e-07
4,3.58453125962e-07
3,3.03070428728e-07
2,5.5801689675e-08
3,3.00423594096e-07
2,9.54437565787e-08
4,1.23981199756e-07
2,8.94840502327e-08
3,3.43252933686e-07
2,6.43049830838e-07
3,3.27320403807e-07
2,3.63325301776e-07
5,4.26844571441e-07
2,4.44899925493e-07
3,1.61856335545e-07
3,5.3153163816e-07
4,3.03727648044e-07
2,2.75450154975e-07
2,7.45991121314e-08
4,1.34160071682e-07
3,1.19265081844e-07
4,3.56863548935e-07
2,3.6154964046e-07
2,1.88055982756e-07
3,3.30072517024e-07
2,3.03712678643e-07
6,1.23974790637e-07
2,6.49191880812e-08
2,7.74013978677e-08
4,2.81825901682e-07
3,2.14277867092e-07
3,3.39674198331e-07
3,3.0042165996e-07
1,5.58130315377e-08
2,5.82065195044e-07
5,2.66318223734e-07
3,3.24482818354e-07
2,2.75450715456e-07
1,9.76624584516e-08
2,3.14572704822e-07
1,9.3184998824e-08
2,9.76916389548e-08
1,5.79849335912e-08
2,1.37562263939e-07
1,3.65641115018e-08
2,9.2987101096e-08
2,4.48499658968e-08
2,4.4890900305e-08
2,5.18308795132e-08
4,1.3415999873e-07
4,1.59225444931e-07
2,3.47432303919e-07
4,1.23803802935e-07
3,1.10453602943e-07
2,2.44914577843e-07
2,8.68618660511e-08
2,9.32234597656e-08
1,4.61777493082e-08
5,1.13659102102e-07
4,1.468947697e-07
4,1.65033112652e-07
3,1.71964564524e-07
4,1.16591700177e-07
2,8.68609929452e-08
2,9.32234207595e-08
3,9.08717563634e-08
3,1.59224972307e-07
2,1.16591040402e-07
3,2.11942405002e-07
3,2.13278822186e-07
3,8.87836319676e-08
2,2.96687037989e-07
2,1.52152195055e-07
3,2.79547153617e-07
1,8.51186339025e-08
1,3.01941958841e-08
3,3.28293230351e-07
1,6.24059760801e-08
3,1.7986850518e-07
1,4.61201575885e-08
1,9.6782743496e-08
4,1.84833802236e-07
2,8.87838587385e-08
2,9.82336429675e-08
3,2.10259789402e-07
4,1.52159101885e-07
4,1.42537598474e-07
2,2.98045973261e-07
3,1.2635323247e-07
2,1.5003530009e-07
3,1.7113826227e-07
3,1.6340978404e-07
3,1.42536294804e-07
2,2.71814390058e-07
1,6.5128224432e-08
3,1.07555800779e-07
2,3.44349042992e-07
3,2.11941578235e-07
2,3.8390013491e-07
3,2.78256088974e-07
2,3.87550834118e-07
2,9.31743481971e-08
1,5.9715283021e-08
1,8.35804171373e-08
2,1.57180751009e-07
1,9.13096589503e-08
4,1.4027680513e-07
3,1.37558045695e-07
3,2.09030512509e-07
2,1.30534514036e-07
5,1.23794659552e-07
3,1.87149979667e-07
2,5.57987647583e-08
2,3.9829960332e-07
3,3.18913657823e-08
3,3.16514715004e-07
3,2.25685018826e-07
2,6.83250624511e-08
3,3.5285865063e-07
2,9.01218423566e-08
3,1.2368775153e-07
3,2.95849000299e-07
1,9.41778763047e-08
3,7.67630763503e-08
2,1.70120268138e-07
1,7.89922689257e-08
2,4.8384899144e-08
3,1.63819177997e-07
3,9.31779361683e-08
3,2.81131224334e-07
4,1.30672815767e-07
1,5.97172770442e-08
1,8.68609043809e-08
1,9.6777392142e-08
3,2.02885221139e-07
2,2.12632631511e-07
2,3.91461151471e-07
3,5.97138373663e-08
2,3.00187365061e-08
3,1.38203157166e-07
2,2.87209167883e-07
4,1.22061437194e-07
2,5.67391723381e-08
3,6.57977432113e-08
4,1.3456306076e-07
2,9.54350041813e-08
3,1.38202775115e-07
2,7.16777140445e-08
2,3.97014776232e-08
2,3.58104923663e-07
3,9.01217312053e-08
2,7.24784516605e-08
2,1.87175476128e-08
1,7.76452097834e-08
2,1.51712703054e-07
1,9.29848288715e-08
2,5.05293909641e-08
2,1.42505379069e-07
2,1.72974323531e-07
3,1.22060175966e-07
3,1.63143982258e-07
3,7.89870931722e-08
1,7.21902444493e-08
1,2.62269425376e-08
2,6.34626112454e-08
1,7.73972075722e-08
1,6.84615194469e-08
2,2.06190353499e-07
1,5.0531105428e-08
3,3.67784031749e-07
2,1.46719732413e-07
2,1.87818628031e-07
2,9.13574369552e-08
2,9.00844500309e-08
1,5.57905937325e-08
3,7.24169212616e-08
2,1.51867891533e-07
1,4.48721451739e-08
2,9.02329601856e-08
2,1.34892868387e-07
1,1.10322509903e-08
